
0.004189
0.003383
0.001320
-0.000426
-0.000578
0.000544
0.000875
-0.001967
-0.008418
-0.015504
-0.017636
-0.009876
0.007866
0.028385
0.038797
0.026568
-0.012352
-0.067494
-0.113969
-0.120242
-0.061312
0.068197
0.247361
0.432775
0.572406
0.678584
0.572406
0.432775
0.247361
0.068197
-0.061312
-0.120242
-0.113969
-0.067494
-0.012352
0.026568
0.038797
0.028385
0.007866
-0.009876
-0.017636
-0.015504
-0.008418
-0.001967
0.000875
0.000544
-0.000578
-0.000426
0.001320
0.003383