
-0.388853
-0.706643
-1.058221
-1.423470
-1.694162
-1.957819
-2.241376
-2.423761
-2.559356
-2.718053
-2.784364
-2.771255
-2.780931
-2.721073
-2.561256
-2.420438
-2.243523
-1.961328
-1.691454
-1.424417
-1.062806
-0.704963
-0.388457
-0.002482
0.388853
0.706643
1.058221
1.423470
1.694162
1.957819
2.241376
2.423761
2.559356
2.718053
2.784364
2.771255
2.780931
2.721073
2.561256
2.420438
2.243523
1.961328
1.691454
1.424417
1.062806
0.704963
0.388457
0.002482
-0.388853
-0.706643
-1.058221
-1.423470
-1.694162
-1.957819
-2.241376
-2.423761
-2.559356
-2.718053
-2.784364
-2.771255
-2.780931
-2.721073
-2.561256
-2.420438
-2.243523
-1.961328
-1.691454
-1.424417
-1.062806
-0.704963
-0.388457
-0.002482
0.388853
0.706643
1.058221
1.423470
1.694162
1.957819
2.241376
2.423761
2.559356
2.718053
2.784364
2.771255
2.780931
2.721073
2.561256
2.420438
2.243523
1.961328
1.691454
1.424417
1.062806
0.704963
0.388457
0.002482
-0.388853
-0.706643
-1.058221
-1.423470
-1.694162
-1.957819
-2.241376
-2.423761
-2.559356
-2.718053
-2.784364
-2.771255
-2.780931
-2.721073
-2.561256
-2.420438
-2.243523
-1.961328
-1.691454
-1.424417
-1.062806
-0.704963
-0.388457
-0.002482
0.388853
0.706643
1.058221
1.423470
1.694162
1.957819
2.241376
2.423761
2.559356
2.718053
2.784364
2.771255
2.780931
2.721073
2.561256
2.420438
2.243523
1.961328
1.691454
1.424417
1.062806
0.704963
0.388457
0.002482
-0.388853
-0.706643
-1.058221
-1.423470
-1.694162
-1.957819
-2.241376
-2.423761
-2.559356
-2.718053
-2.784364
-2.771255
-2.780931
-2.721073
-2.561256
-2.420438
-2.243523
-1.961328
-1.691454
-1.424417
-1.062806
-0.704963
-0.388457
-0.002482
0.388853
0.706643
1.058221
1.423470
1.694162
1.957819
2.241376
2.423761
2.559356
2.718053
2.784364
2.771255
2.780931
2.721073
2.561256
2.420438
2.243523
1.961328
1.691454
1.424417
1.062806
0.704963
0.388457
0.002482
-0.388853
-0.706643
-1.058221
-1.423470
-1.694162
-1.957819
-2.241376
-2.423761
-2.559356
-2.718053
-2.784364
-2.771255
-2.780931
-2.721073
-2.561256
-2.420438
-2.243523
-1.961328
-1.691454
-1.424417
-1.062806
-0.704963
-0.388457
-0.002482
0.388853
0.706643
1.058221
1.423470
1.694162
1.957819
2.241376
2.423761
2.559356
2.718053
2.784364
2.771255
2.780931
2.721073
2.561256
2.420438
2.243523
1.961328
1.691454
1.424417
1.062806
0.704963
0.388457
0.002482
-0.388853
-0.706643
-1.058221
-1.423470
-1.694162
-1.957819
-2.241376
-2.423761
-2.559356
-2.718053
-2.784364
-2.771255
-2.780931
-2.721073
-2.561256
-2.420438
-2.243523
-1.961328
-1.691454
-1.424417
-1.062806
-0.704963
-0.388457
-0.002482
0.388853
0.706643
1.058221
1.423470
1.694162
1.957819