
-0.000000
0.021201
0.041413
0.059969
0.076232
0.089609
0.099564
0.105633
0.107430
0.104658
0.097116
0.084701
0.067413
0.045353
0.018722
-0.012187
-0.046991
-0.085228
-0.126371
-0.169835
-0.214993
-0.261189
-0.307756
-0.354029
-0.399359
-0.443133
-0.484781
-0.523797
-0.559745
-0.592271
-0.621114
-0.646106
-0.667185
-0.684388
-0.697858
-0.707837
-0.714661
-0.718758
-0.720631
-0.720854
-0.720060
-0.718921
-0.718139
-0.718433
-0.720516
-0.725089
-0.732821
-0.744334
-0.760198
-0.780910
-0.806890
-0.838475
-0.875909
-0.919342
-0.968827
-1.024328
-1.085715
-1.152775
-1.225223
-1.302705
-1.384819
-1.471123
-1.561154
-1.654444
-1.750537
-1.849010
-1.949489
-2.051669
-2.155336
-2.260381
-2.366825
-2.474832
-2.584731
-2.697036
-2.812461
-2.931950
-3.056693
-3.188160
-3.328134
-3.478757
-3.642587
-3.822673
-4.022668
-4.246967
-4.500912
-4.791085
-5.125722
-5.515328
-5.973604
-6.518874
-7.176364
-7.981979
-8.988850
-10.279345
-11.988718
-14.356056
-17.848003
-23.514478
-34.314543
-63.071565
-379.083142
94.843355
42.140346
27.051944
19.881775
15.681013
12.914286
10.949772
9.479983
8.337451
7.423257
6.675261
6.052474
5.526761
5.078144
4.692007
4.357369
4.065770
3.810532
3.586269
3.388536
3.213594
3.058235
2.919663
2.795410
2.683269
2.581258
2.487583
2.400625
2.318921
2.241164
2.166189
2.092979
2.020661
1.948503
1.875916
1.802453
1.727802
1.651787
1.574355
1.495577
1.415633
1.334802
1.253451
1.172021
1.091011
1.010965
0.932453
0.856057
0.782352
0.711895
0.645202
0.582744
0.524924
0.472076
0.424445
0.382189
0.345370
0.313950
0.287794
0.266668
0.250247
0.238117
0.229790
0.224706
0.222251
0.221768
0.222571
0.223961
0.225239
0.225723
0.224763
0.221755
0.216152
0.207480
0.195345
0.179443
0.159565
0.135604
0.107556
0.075518
0.039688
0.000358
-0.042090
-0.087195
-0.134428
-0.183202
-0.232888
-0.282827
-0.332347
-0.380777
-0.427463
-0.471784
-0.513163
-0.551083
-0.585100
-0.614846
-0.640047
-0.660520
-0.676173
-0.686885
-0.693594
-0.695302
-0.692985
-0.686972
-0.677735
-0.665821
-0.651829
-0.636405
-0.620217
-0.603947
-0.588273
-0.573853
-0.561312
-0.551226
-0.544110
-0.540406
-0.540476
-0.544587
-0.552913
-0.565524
-0.582391
-0.603382
-0.628266
-0.656720
-0.688334
-0.722622
-0.759032
-0.796960
-0.835761
-0.874767
-0.913299
-0.950684
-0.986270
-1.019442
-1.049633
-1.076339
-1.099131
-1.117661
-1.131676
-1.141017
-1.145629
-1.145557
-1.140948
-1.132046
-1.119189
-1.102799
-1.083373
-1.061472
-1.037708
-1.012733
-0.987218
-0.961845
-0.937286
-0.914192
-0.893175
-0.874797
-0.859555
-0.847871
-0.840081
-0.836431
-0.837067
-0.842036
-0.851280
-0.864642
-0.881868
-0.902611
-0.926442
-0.952856
-0.981288
-1.011120
-1.041702
-1.072360
-1.102416
-1.131201
-1.158071
-1.182420
-1.203697
-1.221416
-1.235167
-1.244627
-1.249563
-1.249845
-1.245442
-1.236425
-1.222965
-1.205333
-1.183887
-1.159069
-1.131394
-1.101438
-1.069824
-1.037211
-1.004274
-0.971695
-0.940143
-0.910261
-0.882649
-0.857857
-0.836364
-0.818584
-0.804732
-0.795215
-0.790032
-0.789226
-0.792716
-0.800322
-0.811767
-0.826682
-0.844620
-0.865061
-0.887424
-0.911084
-0.935384
-0.959647
-0.983198
-1.005372
-1.025535
-1.043093
-1.057513
-1.068324
-1.075141
-1.077661
-1.075679
-1.069088
-1.057885
-1.042166
-1.022129
-0.998066
-0.970359
-0.939470
-0.905930
-0.870329
-0.833301
-0.795511
-0.757638
-0.720363
-0.684349
-0.650231
-0.618598
-0.589983
-0.564847
-0.543572
-0.526451
-0.513681
-0.505360
-0.501484
-0.501946
-0.506540
-0.514968
-0.526839
-0.541688
-0.558979
-0.578120
-0.598476
-0.619384
-0.640167
-0.660152
-0.678679
-0.695125
-0.708911
-0.719515
-0.726492
-0.729473
-0.728182
-0.722438
-0.712159
-0.697368
-0.678188
-0.654840
-0.627640
-0.596991
-0.563375
-0.527337
-0.489482
-0.450451
-0.410916
-0.371558
-0.333053
-0.296062
-0.261209
-0.229069
-0.200160
-0.174923
-0.153720
-0.136819
-0.124395
-0.116519
-0.113162
-0.114192
-0.119381
-0.128405
-0.140855
-0.156247
-0.174031
-0.193601
-0.214317
-0.235510
-0.256505
-0.276635
-0.295283
-0.311214
-0.325309
-0.335881
-0.342799
-0.345730
-0.344425
-0.338729
-0.328587
-0.314046
-0.295255
-0.272459
-0.245997
-0.216292
-0.183843
-0.149212
-0.113012
-0.075896
-0.038538
-0.001619
0.034186
0.068226
0.099887
0.128607
0.153886
0.175303
0.192519
0.205287
0.213461
0.216992
0.215937
0.210451
0.200789
0.187294
0.170397
0.150600
0.128469
0.104618
0.079698
0.054381
0.029344
0.005256
-0.017240
-0.037540
-0.055093
-0.069415
-0.080096
-0.086813
-0.089337
-0.087536
-0.081381
-0.070943
-0.056396
-0.038009
-0.016142
0.008762
0.036187
0.065556
0.096246
0.127598
0.158934
0.189573
0.218845
0.246106
0.270754
0.292243
0.310090
0.323893
0.333337
0.338199
0.338356
0.333786
0.324571
0.310891
0.293023
0.271333
0.246269
0.218351
0.188157
0.156313
0.123474
0.090316
0.057513
0.025730
-0.004401
-0.032288
-0.057395
-0.079258
-0.097489
-0.111788
-0.121951
-0.127873
-0.129551
-0.127085
-0.120671
-0.110607
-0.097273
-0.081135
-0.062726
-0.042638
0.000000