
320.175385
0.163591
0.853337
0.841575
1.531321
1.519527
2.209273
2.197511
2.887257
14.287975
26.390105
37.789415
49.893785
61.293415
73.394585
84.797415
96.898585
108.298215
96.898585
84.797415
73.394585
61.293415
49.893785
37.789415
26.390105
14.287975
2.887257
2.310503
2.435257
1.858503
1.983289
1.406535
1.531321
0.954567
1.079353
0.502567
0.627353
0.050602
0.175385
-30.909785
-61.293415
-92.380185
-23.327335
45.021415
114.072985
182.423015
251.474585
319.824615
236.108185
151.690215
67.970585
-16.446425
-100.163815
-184.581785
-268.298215
-179.157785
-89.315815
-0.175385
0.411200
0.296231
0.882841
0.767879
1.354457
1.239495
1.826073
1.711143
2.297721
2.182759
2.769337
2.654375
3.240985
3.126055
3.712665
3.597735
4.184345
4.069415
4.655705
4.540775
5.127385
5.012455
5.599065
10.973415
17.049305
22.423335
28.499225
33.872615
39.948185
45.322215
51.400985
56.775015
51.970585
46.467815
41.666585
36.163815
31.361945
25.858535
21.056665
15.553575
10.751705
5.248295
4.514265
3.078695
2.344889
0.909351
0.175385
-0.175385
0.175385
-0.175385
0.175385
-0.175385
0.175385
-0.175385
0.175385
-0.175385
0.175385
-0.175385
0.175385
-0.175385
0.175385
-0.175385
0.175385
-0.175385
0.175385
-0.175385
0.175385
-0.175385
0.175385
-0.175385
0.175385
0.163591
0.853337
0.841575
1.531321
1.519527
2.209273
2.197511
2.887257
14.287975
26.390105
37.789415
49.893785
61.293415
73.394585
84.797415
96.898585
108.298215
96.898585
84.797415
73.394585
61.293415
49.893785
37.789415
26.390105
14.287975
2.887257
2.310503
2.435257
1.858503
1.983289
1.406535
1.531321
0.954567
1.079353
0.502567
0.627353
0.050602
0.175385
-30.909785
-61.293415
-92.380185
-23.327335
45.021415
114.072985
182.423015
251.474585
319.824615
236.108185
151.690215
67.970585
-16.446425
-100.163815
-184.581785
-268.298215
-179.157785
-89.315815
-0.175385
0.411200
0.296231
0.882841
0.767879
1.354457
1.239495
1.826073
1.711143
2.297721
2.182759
2.769337
2.654375
3.240985
3.126055
3.712665
3.597735
4.184345
4.069415
4.655705
4.540775
5.127385
5.012455
5.599065
10.973415
17.049305
22.423335
28.499225
33.872615
39.948185
45.322215
51.400985
56.775015
51.970585
46.467815
41.666585
36.163815
31.361945
25.858535
21.056665
15.553575
10.751705
5.248295
4.514265
3.078695
2.344889
0.909351
0.175385
-0.175385
0.175385
-0.175385
0.175385
-0.175385
0.175385
-0.175385
0.175385
-0.175385
0.175385
-0.175385
0.175385
-0.175385
0.175385
-0.175385
0.175385
-0.175385
0.175385
-0.175385
0.175385
-0.175385
0.175385
-0.175385
0.175385
0.163591
0.853337
0.841575
1.531321
1.519527
2.209273
2.197511
2.887257
14.287975
26.390105
37.789415
49.893785
61.293415
73.394585
84.797415
96.898585
108.298215
96.898585
84.797415
73.394585
61.293415
49.893785
37.789415
26.390105
14.287975
2.887257
2.310503
2.435257
1.858503
1.983289
1.406535
1.531321
0.954567
1.079353
0.502567
0.627353
0.050602
0.175385
-30.909785
-61.293415
-92.380185
-23.327335
45.021415
114.072985
182.423015
251.474585
319.824615
236.108185
151.690215
67.970585
-16.446425
-100.163815
-184.581785
-268.298215
-179.157785
-89.315815
-0.175385
0.411200
0.296231
0.882841
0.767879
1.354457
1.239495
1.826073
1.711143
2.297721
2.182759
2.769337
2.654375
3.240985
3.126055
3.712665
3.597735
4.184345
4.069415
4.655705
4.540775
5.127385
5.012455
5.599065
10.973415
17.049305
22.423335
28.499225
33.872615
39.948185
45.322215
51.400985
56.775015
51.970585
46.467815
41.666585
36.163815
31.361945
25.858535
21.056665
15.553575
10.751705
5.248295
4.514265
3.078695
2.344889
0.909351
0.175385
-0.175385
0.175385
-0.175385
0.175385
-0.175385
0.175385
-0.175385
0.175385
-0.175385
0.175385
-0.175385
0.175385
-0.175385
0.175385
-0.175385
0.175385
-0.175385
0.175385
-0.175385
0.175385
-0.175385
0.175385
-0.175385
0.175385
0.163591
0.853337
0.841575
1.531321
1.519527
2.209273
2.197511
2.887257
14.287975
26.390105
37.789415
49.893785
61.293415
73.394585
84.797415
96.898585
108.298215
96.898585
84.797415
73.394585
61.293415
49.893785
37.789415
26.390105
14.287975
2.887257
2.310503
2.435257
1.858503
1.983289
1.406535
1.531321
0.954567
1.079353
0.502567
0.627353
0.050602
0.175385
-30.909785
-61.293415
-92.380185
-23.327335
45.021415
114.072985
182.423015
251.474585
319.824615
236.108185
151.690215
67.970585
-16.446425
-100.163815
-184.581785
-268.298215
-179.157785
-89.315815
-0.175385
0.411200
0.296231
0.882841
0.767879
1.354457
1.239495
1.826073
1.711143
2.297721
2.182759
2.769337
2.654375
3.240985
3.126055
3.712665
3.597735
4.184345
4.069415
4.655705
4.540775
5.127385
5.012455
5.599065
10.973415
17.049305
22.423335
28.499225
33.872615
39.948185
45.322215
51.400985
56.775015
51.970585
46.467815
41.666585
36.163815
31.361945
25.858535
21.056665
15.553575
10.751705
5.248295
4.514265
3.078695
2.344889
0.909351
0.175385
-0.175385
0.175385
-0.175385
0.175385
-0.175385
0.175385
-0.175385
0.175385
-0.175385
0.175385
-0.175385
0.175385
-0.175385
0.175385
-0.175385
0.175385
-0.175385
0.175385
-0.175385
0.175385
-0.175385
0.175385
-0.175385
0.175385
0.163591
0.853337
0.841575
1.531321
1.519527
2.209273
2.197511
2.887257
14.287975
26.390105
37.789415
49.893785
61.293415
73.394585
84.797415
96.898585
108.298215
96.898585
84.797415
73.394585
61.293415
49.893785
37.789415
26.390105
14.287975
2.887257
2.310503
2.435257
1.858503
1.983289
1.406535
1.531321
0.954567
1.079353
0.502567
0.627353
0.050602
0.175385
-30.909785
-61.293415
-92.380185
-23.327335
45.021415
114.072985
182.423015
251.474585
319.824615
236.108185
151.690215
67.970585
-16.446425
-100.163815
-184.581785
-268.298215
-179.157785
-89.315815
-0.175385
0.411200
0.296231
0.882841
0.767879
1.354457
1.239495
1.826073
1.711143
2.297721
2.182759
2.769337
2.654375
3.240985
3.126055
3.712665
3.597735
4.184345
4.069415
4.655705
4.540775
5.127385
5.012455
5.599065
10.973415
17.049305
22.423335
28.499225
33.872615
39.948185
45.322215
51.400985
56.775015
51.970585
46.467815
41.666585
36.163815
31.361945
25.858535
21.056665
15.553575
10.751705
5.248295
4.514265
3.078695
2.344889
0.909351
0.175385
-0.175385
0.175385
-0.175385
0.175385
-0.175385
0.175385
-0.175385
0.175385
-0.175385
0.175385
-0.175385
0.175385
-0.175385
0.175385
-0.175385
0.175385
-0.175385
0.175385
-0.175385
0.175385
-0.175385
0.175385
-0.175385