
32.546513
1.000000
1.000000
1.000000
1.000000
6.528840
1.000000
1.000000
1.000000
1.000000
-14.521685
1.000000
1.000000
1.000000
1.000000
11.446951
1.000000
1.000000
1.000000
1.000000
-22.785256
1.000000
1.000000
1.000000
1.000000
-7.061004
1.000000
1.000000
1.000000
1.000000
20.957658
1.000000
1.000000
1.000000
1.000000
-20.292629
1.000000
1.000000
1.000000
1.000000
29.390718
1.000000
1.000000
1.000000
1.000000
-6.181134
1.000000
1.000000
1.000000
1.000000
-11.891304
1.000000
1.000000
1.000000
1.000000
22.863697
1.000000
1.000000
1.000000
1.000000
-18.904682
1.000000
1.000000
1.000000
1.000000
8.465854
1.000000
1.000000
1.000000
1.000000
3.586269
1.000000
1.000000
1.000000
1.000000
-4.222369
1.000000
1.000000
1.000000
1.000000
3.925849
1.000000
1.000000
1.000000
1.000000
0.345847
1.000000
1.000000
1.000000
1.000000
2.165102
1.000000
1.000000
1.000000
1.000000
-3.772092
1.000000
1.000000
1.000000
1.000000
5.483083
1.000000
1.000000
1.000000
1.000000
-1.986869
1.000000
1.000000
1.000000
1.000000
2.495878
1.000000
1.000000
1.000000
1.000000
1.600801
1.000000
1.000000
1.000000
1.000000
0.598952
1.000000
1.000000
1.000000
1.000000
2.807738
1.000000
1.000000
1.000000
1.000000
-2.974187
1.000000
1.000000
1.000000
1.000000
5.459449
1.000000
1.000000
1.000000
1.000000
-1.876908
1.000000
1.000000
1.000000
1.000000
0.779398
1.000000
1.000000
1.000000
1.000000
3.649972
1.000000
1.000000
1.000000
1.000000
-1.613825
1.000000
1.000000
1.000000
1.000000
2.064519
1.000000
1.000000
1.000000
1.000000
1.160772
1.000000
1.000000
1.000000
1.000000
0.311120
1.000000
1.000000
1.000000
1.000000
0.386390
1.000000
1.000000
1.000000
1.000000
2.041590
1.000000
1.000000
1.000000
1.000000
0.485501
1.000000
1.000000
1.000000
1.000000
1.164018
1.000000
1.000000
1.000000
1.000000
1.780693
1.000000
1.000000
1.000000
1.000000
0.019273
1.000000
1.000000
1.000000
1.000000
1.686181
1.000000
1.000000
1.000000
1.000000
0.698601
1.000000
1.000000
1.000000
1.000000
0.855981
1.000000
1.000000
1.000000
1.000000
1.557554
1.000000
1.000000
1.000000
1.000000
0.182437
1.000000
1.000000
1.000000
1.000000
1.945023
1.000000
1.000000
1.000000
1.000000
0.670386
1.000000
1.000000
1.000000
1.000000
0.330327
1.000000
1.000000
1.000000
1.000000
2.083788
1.000000
1.000000
1.000000
1.000000
-0.577289
1.000000
1.000000
1.000000
1.000000
1.847197
1.000000
1.000000
1.000000
1.000000
1.358042
1.000000
1.000000
1.000000
1.000000
0.209857
1.000000
1.000000
1.000000
1.000000
1.740107
1.000000
1.000000
1.000000
1.000000
0.905135
1.000000
1.000000
1.000000
1.000000
0.818440
1.000000
1.000000
1.000000
1.000000
0.719439
1.000000
1.000000
1.000000
1.000000
2.005235
1.000000
1.000000
1.000000
1.000000
-0.280078
1.000000
1.000000
1.000000
1.000000
1.852605
1.000000
1.000000
1.000000
1.000000
1.272452
1.000000
1.000000
1.000000
1.000000
0.098847
1.000000
1.000000
1.000000
1.000000
2.039872
1.000000
1.000000
1.000000
1.000000